# Time-averaged data for fix 2
# TimeStep Number-of-rows
# Row c_myRDF[1] c_myRDF[2] c_myRDF[3]
1000 100
1 0.0125 0 0
2 0.0375 0 0
3 0.0625 0 0
4 0.0875 0 0
5 0.1125 0 0
6 0.1375 0 0
7 0.1625 0 0
8 0.1875 0 0
9 0.2125 0 0
10 0.2375 0 0
11 0.2625 0 0
12 0.2875 0 0
13 0.3125 0 0
14 0.3375 0 0
15 0.3625 0 0
16 0.3875 0 0
17 0.4125 0 0
18 0.4375 0 0
19 0.4625 0 0
20 0.4875 0 0
21 0.5125 0 0
22 0.5375 0 0
23 0.5625 0 0
24 0.5875 0 0
25 0.6125 0 0
26 0.6375 0 0
27 0.6625 0 0
28 0.6875 0 0
29 0.7125 0 0
30 0.7375 0 0
31 0.7625 0 0
32 0.7875 0 0
33 0.8125 0 0
34 0.8375 0 0
35 0.8625 0.0010139 0.0002
36 0.8875 0.0246578 0.00535
37 0.9125 0.165315 0.04185
38 0.9375 0.519731 0.162975
39 0.9625 1.10158 0.433575
40 0.9875 1.70909 0.8755
41 1.0125 2.21204 1.4768
42 1.0375 2.45498 2.1775
43 1.0625 2.45916 2.91362
44 1.0875 2.37403 3.6581
45 1.1125 2.21208 4.38405
46 1.1375 1.99926 5.06997
47 1.1625 1.79197 5.7121
48 1.1875 1.62966 6.32145
49 1.2125 1.44137 6.88333
50 1.2375 1.29869 7.41068
51 1.2625 1.16632 7.9036
52 1.2875 1.06413 8.37133
53 1.3125 0.976091 8.81718
54 1.3375 0.908215 9.24798
55 1.3625 0.843196 9.66303
56 1.3875 0.800548 10.0717
57 1.4125 0.769673 10.4788
58 1.4375 0.738527 10.8835
59 1.4625 0.713406 11.2881
60 1.4875 0.702071 11.7
61 1.5125 0.681816 12.1136
62 1.5375 0.67143 12.5344
63 1.5625 0.687964 12.9798
64 1.5875 0.696247 13.445
65 1.6125 0.702457 13.9293
66 1.6375 0.720273 14.4414
67 1.6625 0.749193 14.9905
68 1.6875 0.772355 15.5737
69 1.7125 0.804496 16.1992
70 1.7375 0.836511 16.8688
71 1.7625 0.878813 17.5927
72 1.7875 0.913155 18.3663
73 1.8125 0.9524 19.1959
74 1.8375 1.00306 20.0939
75 1.8625 1.04568 21.0557
76 1.8875 1.0788 22.0748
77 1.9125 1.11076 23.152
78 1.9375 1.1408 24.2875
79 1.9625 1.17173 25.4841
80 1.9875 1.19147 26.732
81 2.0125 1.20211 28.023
82 2.0375 1.22108 29.3671
83 2.0625 1.20363 30.7247
84 2.0875 1.19713 32.1079
85 2.1125 1.16945 33.4916
86 2.1375 1.14954 34.8843
87 2.1625 1.13093 36.2865
88 2.1875 1.10777 37.6921
89 2.2125 1.07751 39.0906
90 2.2375 1.04872 40.4828
91 2.2625 1.02387 41.8724
92 2.2875 0.995271 43.2533
93 2.3125 0.970148 44.6289
94 2.3375 0.960534 46.0205
95 2.3625 0.934045 47.4028
96 2.3875 0.921749 48.7959
97 2.4125 0.913453 50.2055
98 2.4375 0.903032 51.6282
99 2.4625 0.896311 53.0693
100 2.4875 0.896016 54.5393
2000 100
1 0.0125 0 0
2 0.0375 0 0
3 0.0625 0 0
4 0.0875 0 0
5 0.1125 0 0
6 0.1375 0 0
7 0.1625 0 0
8 0.1875 0 0
9 0.2125 0 0
10 0.2375 0 0
11 0.2625 0 0
12 0.2875 0 0
13 0.3125 0 0
14 0.3375 0 0
15 0.3625 0 0
16 0.3875 0 0
17 0.4125 0 0
18 0.4375 0 0
19 0.4625 0 0
20 0.4875 0 0
21 0.5125 0 0
22 0.5375 0 0
23 0.5625 0 0
24 0.5875 0 0
25 0.6125 0 0
26 0.6375 0 0
27 0.6625 0 0
28 0.6875 0 0
29 0.7125 0 0
30 0.7375 0 0
31 0.7625 0 0
32 0.7875 0 0
33 0.8125 0 0
34 0.8375 0 0
35 0.8625 0.00139411 0.000275
36 0.8875 0.0256154 0.005625
37 0.9125 0.154445 0.039725
38 0.9375 0.50879 0.1583
39 0.9625 1.10931 0.4308
40 0.9875 1.73742 0.88005
41 1.0125 2.19401 1.47645
42 1.0375 2.46059 2.17875
43 1.0625 2.49198 2.9247
44 1.0875 2.34804 3.66103
45 1.1125 2.19578 4.38163
46 1.1375 2.01966 5.07455
47 1.1625 1.79434 5.71753
48 1.1875 1.59924 6.3155
49 1.2125 1.44881 6.88028
50 1.2375 1.28706 7.4029
51 1.2625 1.15118 7.88943
52 1.2875 1.06334 8.3568
53 1.3125 0.983863 8.8062
54 1.3375 0.913486 9.2395
55 1.3625 0.852694 9.65922
56 1.3875 0.804906 10.0701
57 1.4125 0.766743 10.4757
58 1.4375 0.733143 10.8774
59 1.4625 0.708469 11.2792
60 1.4875 0.688904 11.6834
61 1.5125 0.690759 12.1024
62 1.5375 0.682239 12.53
63 1.5625 0.697734 12.9817
64 1.5875 0.686744 13.4406
65 1.6125 0.701768 13.9244
66 1.6375 0.725758 14.4404
67 1.6625 0.754344 14.9932
68 1.6875 0.77901 15.5814
69 1.7125 0.809801 16.2111
70 1.7375 0.847567 16.8896
71 1.7625 0.87253 17.6083
72 1.7875 0.915959 18.3843
73 1.8125 0.958829 19.2195
74 1.8375 1.00122 20.1158
75 1.8625 1.03503 21.0678
76 1.8875 1.08274 22.0906
77 1.9125 1.10483 23.1621
78 1.9375 1.1409 24.2977
79 1.9625 1.16936 25.4919
80 1.9875 1.19151 26.7399
81 2.0125 1.20626 28.0353
82 2.0375 1.20289 29.3593
83 2.0625 1.19718 30.7096
84 2.0875 1.19371 32.0889
85 2.1125 1.17724 33.4819
86 2.1375 1.15593 34.8822
87 2.1625 1.13093 36.2845
88 2.1875 1.10324 37.6843
89 2.2125 1.06805 39.0706
90 2.2375 1.05477 40.4707
91 2.2625 1.01869 41.8534
92 2.2875 0.98327 43.2176
93 2.3125 0.970201 44.5933
94 2.3375 0.952527 45.9733
95 2.3625 0.938556 47.3623
96 2.3875 0.927026 48.7634
97 2.4125 0.919447 50.1823
98 2.4375 0.90008 51.6002
99 2.4625 0.905858 53.0567
100 2.4875 0.89917 54.5319
3000 100
1 0.0125 0 0
2 0.0375 0 0
3 0.0625 0 0
4 0.0875 0 0
5 0.1125 0 0
6 0.1375 0 0
7 0.1625 0 0
8 0.1875 0 0
9 0.2125 0 0
10 0.2375 0 0
11 0.2625 0 0
12 0.2875 0 0
13 0.3125 0 0
14 0.3375 0 0
15 0.3625 0 0
16 0.3875 0 0
17 0.4125 0 0
18 0.4375 0 0
19 0.4625 0 0
20 0.4875 0 0
21 0.5125 0 0
22 0.5375 0 0
23 0.5625 0 0
24 0.5875 0 0
25 0.6125 0 0
26 0.6375 0 0
27 0.6625 0 0
28 0.6875 0 0
29 0.7125 0 0
30 0.7375 0 0
31 0.7625 0 0
32 0.7875 0 0
33 0.8125 0 0
34 0.8375 0 0
35 0.8625 0.00164759 0.000325
36 0.8875 0.0244185 0.005425
37 0.9125 0.159088 0.04055
38 0.9375 0.532389 0.164625
39 0.9625 1.10209 0.43535
40 0.9875 1.73152 0.883075
41 1.0125 2.19447 1.4796
42 1.0375 2.44176 2.17653
43 1.0625 2.48672 2.9209
44 1.0875 2.35681 3.65998
45 1.1125 2.22991 4.39177
46 1.1375 2.02287 5.0858
47 1.1625 1.78736 5.72627
48 1.1875 1.61107 6.32867
49 1.2125 1.43245 6.88707
50 1.2375 1.26693 7.40152
51 1.2625 1.16928 7.8957
52 1.2875 1.07136 8.3666
53 1.3125 0.97538 8.81212
54 1.3375 0.903946 9.2409
55 1.3625 0.843196 9.65595
56 1.3875 0.800792 10.0647
57 1.4125 0.765467 10.4697
58 1.4375 0.731865 10.8707
59 1.4625 0.708646 11.2726
60 1.4875 0.693037 11.6792
61 1.5125 0.68433 12.0943
62 1.5375 0.680444 12.5208
63 1.5625 0.683136 12.963
64 1.5875 0.695499 13.4277
65 1.6125 0.717977 13.9227
66 1.6375 0.731384 14.4428
67 1.6625 0.75298 14.9946
68 1.6875 0.767289 15.5739
69 1.7125 0.809319 16.2032
70 1.7375 0.848192 16.8822
71 1.7625 0.887615 17.6133
72 1.7875 0.916667 18.3899
73 1.8125 0.957824 19.2242
74 1.8375 0.997674 20.1174
75 1.8625 1.03543 21.0698
76 1.8875 1.06816 22.0788
77 1.9125 1.1136 23.1588
78 1.9375 1.14286 24.2964
79 1.9625 1.16889 25.49
80 1.9875 1.18636 26.7326
81 2.0125 1.20256 28.024
82 2.0375 1.20648 29.3521
83 2.0625 1.20806 30.7146
84 2.0875 1.20035 32.1016
85 2.1125 1.178 33.4955
86 2.1375 1.15907 34.8996
87 2.1625 1.11807 36.286
88 2.1875 1.09993 37.6816
89 2.2125 1.0725 39.0736
90 2.2375 1.0555 40.4747
91 2.2625 1.02009 41.8593
92 2.2875 0.991036 43.2343
93 2.3125 0.974855 44.6166
94 2.3375 0.95087 45.9941
95 2.3625 0.934772 47.3775
96 2.3875 0.920211 48.7683
97 2.4125 0.909549 50.1719
98 2.4375 0.909078 51.6041
99 2.4625 0.898146 53.0481
100 2.4875 0.893303 54.5137
4000 100
1 0.0125 0 0
2 0.0375 0 0
3 0.0625 0 0
4 0.0875 0 0
5 0.1125 0 0
6 0.1375 0 0
7 0.1625 0 0
8 0.1875 0 0
9 0.2125 0 0
10 0.2375 0 0
11 0.2625 0 0
12 0.2875 0 0
13 0.3125 0 0
14 0.3375 0 0
15 0.3625 0 0
16 0.3875 0 0
17 0.4125 0 0
18 0.4375 0 0
19 0.4625 0 0
20 0.4875 0 0
21 0.5125 0 0
22 0.5375 0 0
23 0.5625 0 0
24 0.5875 0 0
25 0.6125 0 0
26 0.6375 0 0
27 0.6625 0 0
28 0.6875 0 0
29 0.7125 0 0
30 0.7375 0 0
31 0.7625 0 0
32 0.7875 0 0
33 0.8125 0 0
34 0.8375 0 0
35 0.8625 0.00114064 0.000225
36 0.8875 0.0227427 0.004975
37 0.9125 0.153087 0.038775
38 0.9375 0.536895 0.1639
39 0.9625 1.10209 0.434625
40 0.9875 1.70619 0.8758
41 1.0125 2.20762 1.4759
42 1.0375 2.42108 2.16693
43 1.0625 2.49624 2.91415
44 1.0875 2.36717 3.65648
45 1.1125 2.21734 4.38415
46 1.1375 2.00706 5.07275
47 1.1625 1.80285 5.71877
48 1.1875 1.59997 6.31702
49 1.2125 1.43707 6.87723
50 1.2375 1.31064 7.40942
51 1.2625 1.18188 7.90892
52 1.2875 1.06493 8.377
53 1.3125 0.975982 8.8228
54 1.3375 0.895408 9.24752
55 1.3625 0.849392 9.66563
56 1.3875 0.804025 10.076
57 1.4125 0.765184 10.4808
58 1.4375 0.724884 10.878
59 1.4625 0.711202 11.2814
60 1.4875 0.687626 11.6848
61 1.5125 0.692779 12.105
62 1.5375 0.68906 12.5369
63 1.5625 0.669581 12.9704
64 1.5875 0.701747 13.4393
65 1.6125 0.700172 13.922
66 1.6375 0.720836 14.4345
67 1.6625 0.749978 14.9841
68 1.6875 0.770467 15.5659
69 1.7125 0.807486 16.1938
70 1.7375 0.843257 16.8688
71 1.7625 0.882546 17.5957
72 1.7875 0.916106 18.3718
73 1.8125 0.94775 19.1974
74 1.8375 1.00061 20.0932
75 1.8625 1.04136 21.051
76 1.8875 1.08586 22.0768
77 1.9125 1.11445 23.1576
78 1.9375 1.14068 24.293
79 1.9625 1.16243 25.48
80 1.9875 1.19113 26.7276
81 2.0125 1.20419 28.0208
82 2.0375 1.20734 29.3498
83 2.0625 1.21079 30.7154
84 2.0875 1.20366 32.1062
85 2.1125 1.17283 33.494
86 2.1375 1.15767 34.8964
87 2.1625 1.12817 36.2953
88 2.1875 1.1047 37.6969
89 2.2125 1.07855 39.0968
90 2.2375 1.0433 40.4817
91 2.2625 1.02238 41.8694
92 2.2875 0.997 43.2527
93 2.3125 0.967432 44.6244
94 2.3375 0.960051 46.0153
95 2.3625 0.9356 47.3999
96 2.3875 0.918309 48.7878
97 2.4125 0.911379 50.1943
98 2.4375 0.907539 51.624
99 2.4625 0.897042 53.0663
100 2.4875 0.892237 54.5301
5000 100
1 0.0125 0 0
2 0.0375 0 0
3 0.0625 0 0
4 0.0875 0 0
5 0.1125 0 0
6 0.1375 0 0
7 0.1625 0 0
8 0.1875 0 0
9 0.2125 0 0
10 0.2375 0 0
11 0.2625 0 0
12 0.2875 0 0
13 0.3125 0 0
14 0.3375 0 0
15 0.3625 0 0
16 0.3875 0 0
17 0.4125 0 0
18 0.4375 0 0
19 0.4625 0 0
20 0.4875 0 0
21 0.5125 0 0
22 0.5375 0 0
23 0.5625 0 0
24 0.5875 0 0
25 0.6125 0 0
26 0.6375 0 0
27 0.6625 0 0
28 0.6875 0 0
29 0.7125 0 0
30 0.7375 0 0
31 0.7625 0 0
32 0.7875 0 0
33 0.8125 0 0
34 0.8375 0.000134416 2.5e-05
35 0.8625 0.00228127 0.000475
36 0.8875 0.025376 0.005775
37 0.9125 0.158069 0.040675
38 0.9375 0.522306 0.1624
39 0.9625 1.10779 0.434525
40 0.9875 1.73007 0.881875
41 1.0125 2.19539 1.47865
42 1.0375 2.44868 2.17755
43 1.0625 2.48639 2.92183
44 1.0875 2.38678 3.6703
45 1.1125 2.20622 4.39433
46 1.1375 1.98571 5.0756
47 1.1625 1.78339 5.71465
48 1.1875 1.60673 6.31543
49 1.2125 1.42264 6.87
50 1.2375 1.30393 7.39947
51 1.2625 1.17206 7.89482
52 1.2875 1.07375 8.36678
53 1.3125 0.967115 8.80852
54 1.3375 0.909164 9.23978
55 1.3625 0.85051 9.65843
56 1.3875 0.803731 10.0687
57 1.4125 0.765562 10.4737
58 1.4375 0.735333 10.8766
59 1.4625 0.709527 11.279
60 1.4875 0.700878 11.6902
61 1.5125 0.686102 12.1064
62 1.5375 0.681362 12.5335
63 1.5625 0.691864 12.9813
64 1.5875 0.698305 13.448
65 1.6125 0.695495 13.9274
66 1.6375 0.721961 14.4407
67 1.6625 0.754378 14.9936
68 1.6875 0.769309 15.5745
69 1.7125 0.810444 16.2047
70 1.7375 0.840602 16.8776
71 1.7625 0.871771 17.5956
72 1.7875 0.924044 18.3785
73 1.8125 0.961325 19.2158
74 1.8375 1.00005 20.1111
75 1.8625 1.03622 21.0642
76 1.8875 1.07308 22.0779
77 1.9125 1.11223 23.1566
78 1.9375 1.1462 24.2975
79 1.9625 1.17097 25.4932
80 1.9875 1.18765 26.7372
81 2.0125 1.21252 28.0393
82 2.0375 1.20287 29.3634
83 2.0625 1.19968 30.7165
84 2.0875 1.19252 32.0944
85 2.1125 1.18252 33.4936
86 2.1375 1.15088 34.8879
87 2.1625 1.11825 36.2744
88 2.1875 1.10545 37.677
89 2.2125 1.07331 39.0701
90 2.2375 1.04343 40.4552
91 2.2625 1.02437 41.8456
92 2.2875 0.997865 43.23
93 2.3125 0.977006 44.6153
94 2.3375 0.956513 46.0011
95 2.3625 0.928978 47.3759
96 2.3875 0.920575 48.7673
97 2.4125 0.914716 50.1789
98 2.4375 0.903429 51.6021
99 2.4625 0.902266 53.0528
100 2.4875 0.901928 54.5325
